
Base graph vertices:
Vertex 0: ( 1, 9) ( 2, 38) ( 3, 7) ( 4, 18) ( 5, 7) ( 6, 33) ( 7, 42) ( 8, 44) ( 9, 30) ( 10, 13) ( 11, 45) ( 12, 4) ( 13, 35) ( 14, 46) ( 15, 16) ( 16, 47) ( 17, 23) ( 18, 43) ( 19, 10) 
Vertex 1: ( 0, 9) ( 2, 39) ( 3, 44) ( 4, 30) ( 5, 37) ( 6, 23) ( 7, 3) ( 8, 7) ( 9, 5) ( 10, 36) ( 11, 28) ( 12, 20) ( 13, 6) ( 14, 11) ( 15, 24) ( 16, 3) ( 17, 14) ( 18, 2) ( 19, 47) 
Vertex 2: ( 0, 38) ( 1, 39) ( 3, 14) ( 4, 25) ( 5, 48) ( 6, 6) ( 7, 5) ( 8, 27) ( 9, 45) ( 10, 13) ( 11, 20) ( 12, 28) ( 13, 40) ( 14, 5) ( 15, 12) ( 16, 48) ( 17, 3) ( 18, 34) ( 19, 9) 
Vertex 3: ( 0, 7) ( 1, 44) ( 2, 14) ( 4, 42) ( 5, 31) ( 6, 32) ( 7, 46) ( 8, 12) ( 9, 14) ( 10, 31) ( 11, 36) ( 12, 9) ( 13, 17) ( 14, 3) ( 15, 27) ( 16, 31) ( 17, 29) ( 18, 24) ( 19, 36) 
Vertex 4: ( 0, 18) ( 1, 30) ( 2, 25) ( 3, 42) ( 5, 28) ( 6, 34) ( 7, 7) ( 8, 1) ( 9, 6) ( 10, 47) ( 11, 45) ( 12, 17) ( 13, 2) ( 14, 30) ( 15, 50) ( 16, 29) ( 17, 46) ( 18, 33) ( 19, 45) 
Vertex 5: ( 0, 7) ( 1, 37) ( 2, 48) ( 3, 31) ( 4, 28) ( 6, 7) ( 7, 48) ( 8, 10) ( 9, 25) ( 10, 27) ( 11, 8) ( 12, 12) ( 13, 20) ( 14, 17) ( 15, 3) ( 16, 47) ( 17, 8) ( 18, 4) ( 19, 21) 
Vertex 6: ( 0, 33) ( 1, 23) ( 2, 6) ( 3, 32) ( 4, 34) ( 5, 7) ( 7, 15) ( 8, 19) ( 9, 21) ( 10, 6) ( 11, 19) ( 12, 5) ( 13, 40) ( 14, 19) ( 15, 27) ( 16, 17) ( 17, 28) ( 18, 13) ( 19, 50) 
Vertex 7: ( 0, 42) ( 1, 3) ( 2, 5) ( 3, 46) ( 4, 7) ( 5, 48) ( 6, 15) ( 8, 48) ( 9, 6) ( 10, 25) ( 11, 22) ( 12, 16) ( 13, 3) ( 14, 26) ( 15, 2) ( 16, 24) ( 17, 27) ( 18, 22) ( 19, 29) 
Vertex 8: ( 0, 44) ( 1, 7) ( 2, 27) ( 3, 12) ( 4, 1) ( 5, 10) ( 6, 19) ( 7, 48) ( 9, 41) ( 10, 35) ( 11, 17) ( 12, 39) ( 13, 47) ( 14, 32) ( 15, 16) ( 16, 37) ( 17, 11) ( 18, 3) ( 19, 49) 
Vertex 9: ( 0, 30) ( 1, 5) ( 2, 45) ( 3, 14) ( 4, 6) ( 5, 25) ( 6, 21) ( 7, 6) ( 8, 41) ( 10, 48) ( 11, 22) ( 12, 15) ( 13, 26) ( 14, 31) ( 15, 17) ( 16, 38) ( 17, 10) ( 18, 43) ( 19, 43) 
Vertex 10: ( 0, 13) ( 1, 36) ( 2, 13) ( 3, 31) ( 4, 47) ( 5, 27) ( 6, 6) ( 7, 25) ( 8, 35) ( 9, 48) ( 11, 41) ( 12, 14) ( 13, 46) ( 14, 2) ( 15, 13) ( 16, 6) ( 17, 23) ( 18, 13) ( 19, 7) 
Vertex 11: ( 0, 45) ( 1, 28) ( 2, 20) ( 3, 36) ( 4, 45) ( 5, 8) ( 6, 19) ( 7, 22) ( 8, 17) ( 9, 22) ( 10, 41) ( 12, 27) ( 13, 26) ( 14, 38) ( 15, 16) ( 16, 35) ( 17, 44) ( 18, 28) ( 19, 45) 
Vertex 12: ( 0, 4) ( 1, 20) ( 2, 28) ( 3, 9) ( 4, 17) ( 5, 12) ( 6, 5) ( 7, 16) ( 8, 39) ( 9, 15) ( 10, 14) ( 11, 27) ( 13, 38) ( 14, 16) ( 15, 28) ( 16, 43) ( 17, 26) ( 18, 12) ( 19, 12) 
Vertex 13: ( 0, 35) ( 1, 6) ( 2, 40) ( 3, 17) ( 4, 2) ( 5, 20) ( 6, 40) ( 7, 3) ( 8, 47) ( 9, 26) ( 10, 46) ( 11, 26) ( 12, 38) ( 14, 7) ( 15, 10) ( 16, 1) ( 17, 14) ( 18, 12) ( 19, 2) 
Vertex 14: ( 0, 46) ( 1, 11) ( 2, 5) ( 3, 3) ( 4, 30) ( 5, 17) ( 6, 19) ( 7, 26) ( 8, 32) ( 9, 31) ( 10, 2) ( 11, 38) ( 12, 16) ( 13, 7) ( 15, 48) ( 16, 43) ( 17, 3) ( 18, 46) ( 19, 6) 
Vertex 15: ( 0, 16) ( 1, 24) ( 2, 12) ( 3, 27) ( 4, 50) ( 5, 3) ( 6, 27) ( 7, 2) ( 8, 16) ( 9, 17) ( 10, 13) ( 11, 16) ( 12, 28) ( 13, 10) ( 14, 48) ( 16, 36) ( 17, 5) ( 18, 28) ( 19, 3) 
Vertex 16: ( 0, 47) ( 1, 3) ( 2, 48) ( 3, 31) ( 4, 29) ( 5, 47) ( 6, 17) ( 7, 24) ( 8, 37) ( 9, 38) ( 10, 6) ( 11, 35) ( 12, 43) ( 13, 1) ( 14, 43) ( 15, 36) ( 17, 30) ( 18, 18) ( 19, 36) 
Vertex 17: ( 0, 23) ( 1, 14) ( 2, 3) ( 3, 29) ( 4, 46) ( 5, 8) ( 6, 28) ( 7, 27) ( 8, 11) ( 9, 10) ( 10, 23) ( 11, 44) ( 12, 26) ( 13, 14) ( 14, 3) ( 15, 5) ( 16, 30) ( 18, 39) ( 19, 8) 
Vertex 18: ( 0, 43) ( 1, 2) ( 2, 34) ( 3, 24) ( 4, 33) ( 5, 4) ( 6, 13) ( 7, 22) ( 8, 3) ( 9, 43) ( 10, 13) ( 11, 28) ( 12, 12) ( 13, 12) ( 14, 46) ( 15, 28) ( 16, 18) ( 17, 39) ( 19, 2) 
Vertex 19: ( 0, 10) ( 1, 47) ( 2, 9) ( 3, 36) ( 4, 45) ( 5, 21) ( 6, 50) ( 7, 29) ( 8, 49) ( 9, 43) ( 10, 7) ( 11, 45) ( 12, 12) ( 13, 2) ( 14, 6) ( 15, 3) ( 16, 36) ( 17, 8) ( 18, 2) 
Fitness: 381


Best tree vertices 1 mutation: 
Vertex 0: ( 12, 4) ( 1, 9) 
Vertex 1: ( 0, 9) ( 16, 3) ( 14, 11) ( 7, 3) 
Vertex 2: ( 17, 3) ( 14, 5) 
Vertex 3: ( 12, 9) 
Vertex 4: ( 13, 2) 
Vertex 5: ( 11, 8) ( 18, 4) ( 15, 3) 
Vertex 6: ( 12, 5) 
Vertex 7: ( 1, 3) ( 15, 2) 
Vertex 8: ( 18, 3) 
Vertex 9: ( 17, 10) 
Vertex 10: ( 14, 2) 
Vertex 11: ( 5, 8) 
Vertex 12: ( 0, 4) ( 3, 9) ( 6, 5) 
Vertex 13: ( 4, 2) ( 19, 2) 
Vertex 14: ( 1, 11) ( 2, 5) ( 10, 2) ( 19, 6) 
Vertex 15: ( 5, 3) ( 7, 2) 
Vertex 16: ( 1, 3) 
Vertex 17: ( 2, 3) ( 9, 10) 
Vertex 18: ( 5, 4) ( 8, 3) 
Vertex 19: ( 13, 2) ( 14, 6) 
Fitness: 94


Best tree vertices 3 mutation: 
Vertex 0: ( 4, 18) 
Vertex 1: ( 18, 2) ( 13, 6) 
Vertex 2: ( 17, 3) 
Vertex 3: ( 12, 9) 
Vertex 4: ( 0, 18) ( 8, 1) 
Vertex 5: ( 18, 4) ( 11, 8) ( 17, 8) 
Vertex 6: ( 12, 5) ( 10, 6) 
Vertex 7: ( 9, 6) ( 15, 2) 
Vertex 8: ( 4, 1) ( 18, 3) 
Vertex 9: ( 7, 6) 
Vertex 10: ( 6, 6) ( 14, 2) 
Vertex 11: ( 5, 8) 
Vertex 12: ( 3, 9) ( 6, 5) 
Vertex 13: ( 1, 6) ( 19, 2) ( 16, 1) 
Vertex 14: ( 10, 2) ( 19, 6) 
Vertex 15: ( 7, 2) ( 17, 5) 
Vertex 16: ( 13, 1) 
Vertex 17: ( 2, 3) ( 5, 8) ( 15, 5) 
Vertex 18: ( 1, 2) ( 5, 4) ( 8, 3) 
Vertex 19: ( 13, 2) ( 14, 6) 
Fitness: 97


Best tree vertices 5 mutation: 
Vertex 0: ( 12, 4) 
Vertex 1: ( 18, 2) ( 16, 3) 
Vertex 2: ( 7, 5) 
Vertex 3: ( 8, 12) ( 14, 3) 
Vertex 4: ( 12, 17) ( 9, 6) 
Vertex 5: ( 17, 8) ( 18, 4) ( 11, 8) ( 15, 3) ( 8, 10) 
Vertex 6: ( 12, 5) ( 10, 6) 
Vertex 7: ( 2, 5) ( 15, 2) 
Vertex 8: ( 3, 12) ( 5, 10) 
Vertex 9: ( 4, 6) 
Vertex 10: ( 6, 6) 
Vertex 11: ( 5, 8) 
Vertex 12: ( 0, 4) ( 4, 17) ( 6, 5) ( 19, 12) 
Vertex 13: ( 16, 1) 
Vertex 14: ( 3, 3) 
Vertex 15: ( 5, 3) ( 7, 2) 
Vertex 16: ( 1, 3) ( 13, 1) 
Vertex 17: ( 5, 8) 
Vertex 18: ( 1, 2) ( 5, 4) ( 19, 2) 
Vertex 19: ( 12, 12) ( 18, 2) 
Fitness: 113


Best tree prufer string (ND SA Crossover):
String: 14 4 2 17 6 7 7 6 2 19 1 6 5 5 12 0 15 19
Fitness: 177


Best tree prufer string (ND SR Crossover):
String: 9 15 17 15 4 13 1 2 5 18 2 17 13 1 1 13 15 10
Fitness: 192


Best tree prufer string (ND SRCF Crossover):
String: 3 0 7 9 6 8 10 1 18 19 11 8 1 15 5 18 1 0
Fitness: 234


Best tree prufer string (ND NP Crossover):
String: 0 12 8 2 15 1 17 7 10 12 1 1 15 7 18 1 6 5
Fitness: 224


Best tree prufer string (ND PSR Mutation):
String: 14 15 4 13 1 0 19 6 5 6 2 14 17 5 17 13 19 19
Fitness: 89


Best tree prufer string (ND PSP Mutation):
String: 15 4 13 1 6 2 15 0 7 1 13 1 0 3 2 3 14 19
Fitness: 99


Best tree prufer string (DD SA Crossover):
String: 13 19 12 12 15 12 2 4 0 16 8 9 9 10 17 13 2 5
Fitness: 174


Best tree prufer string (DD SR Crossover):
String: 9 10 12 13 18 5 15 4 17 6 6 6 8 19 15 1 1 19
Fitness: 126


Best tree prufer string (DD SRCF Crossover):
String: 16 6 9 7 19 9 16 15 14 6 1 15 13 17 7 13 8 8
Fitness: 262


Best tree prufer string (DD NP Crossover):
String: 7 12 14 14 6 19 4 4 1 2 16 5 4 3 5 10 13 19
Fitness: 234


Best tree prufer string (DD PSR Mutation):
String: 7 17 14 13 15 12 13 4 1 14 5 0 19 3 7 13 14 1
Fitness: 65


Best tree prufer string (DD PSP Mutation):
String: 13 14 0 13 15 2 1 4 1 14 5 0 7 3 5 1 2 1
Fitness: 74


Best tree vertices (greedy):
Vertex 0: ( 12, 4) 
Vertex 1: ( 18, 2) ( 9, 5) 
Vertex 2: ( 7, 5) ( 17, 3) 
Vertex 3: ( 14, 3) 
Vertex 4: ( 8, 1) ( 13, 2) 
Vertex 5: ( 15, 3) ( 11, 8) 
Vertex 6: ( 10, 6) ( 12, 5) 
Vertex 7: ( 2, 5) ( 15, 2) 
Vertex 8: ( 4, 1) 
Vertex 9: ( 1, 5) 
Vertex 10: ( 6, 6) ( 14, 2) 
Vertex 11: ( 5, 8) 
Vertex 12: ( 0, 4) ( 6, 5) 
Vertex 13: ( 4, 2) ( 16, 1) ( 19, 2) 
Vertex 14: ( 3, 3) ( 10, 2) ( 17, 3) 
Vertex 15: ( 5, 3) ( 7, 2) ( 19, 3) 
Vertex 16: ( 13, 1) 
Vertex 17: ( 2, 3) ( 14, 3) 
Vertex 18: ( 1, 2) ( 19, 2) 
Vertex 19: ( 13, 2) ( 15, 3) ( 18, 2) 
Fitness: 62

