
Base graph vertices:
Vertex 0: ( 1, 42) ( 2, 32) ( 3, 33) ( 4, 43) ( 5, 10) ( 6, 3) ( 7, 45) ( 8, 25) ( 9, 29) ( 10, 6) ( 11, 30) ( 12, 19) ( 13, 46) ( 14, 1) ( 15, 49) ( 16, 47) ( 17, 45) ( 18, 9) ( 19, 36) ( 20, 29) ( 21, 20) ( 22, 43) ( 23, 32) ( 24, 47) ( 25, 12) ( 26, 4) ( 27, 19) ( 28, 14) ( 29, 20) ( 30, 44) ( 31, 16) ( 32, 5) ( 33, 23) ( 34, 1) ( 35, 2) ( 36, 12) ( 37, 24) ( 38, 22) ( 39, 23) ( 40, 27) ( 41, 15) ( 42, 33) ( 43, 28) ( 44, 23) ( 45, 36) ( 46, 36) ( 47, 24) ( 48, 7) ( 49, 9) 
Vertex 1: ( 0, 42) ( 2, 19) ( 3, 2) ( 4, 28) ( 5, 34) ( 6, 32) ( 7, 33) ( 8, 45) ( 9, 7) ( 10, 16) ( 11, 3) ( 12, 26) ( 13, 46) ( 14, 20) ( 15, 2) ( 16, 44) ( 17, 35) ( 18, 25) ( 19, 2) ( 20, 16) ( 21, 8) ( 22, 44) ( 23, 41) ( 24, 50) ( 25, 8) ( 26, 48) ( 27, 28) ( 28, 35) ( 29, 2) ( 30, 16) ( 31, 1) ( 32, 47) ( 33, 22) ( 34, 5) ( 35, 10) ( 36, 27) ( 37, 49) ( 38, 11) ( 39, 16) ( 40, 17) ( 41, 39) ( 42, 41) ( 43, 27) ( 44, 8) ( 45, 25) ( 46, 1) ( 47, 40) ( 48, 29) ( 49, 30) 
Vertex 2: ( 0, 32) ( 1, 19) ( 3, 3) ( 4, 49) ( 5, 38) ( 6, 32) ( 7, 2) ( 8, 36) ( 9, 37) ( 10, 7) ( 11, 6) ( 12, 1) ( 13, 42) ( 14, 17) ( 15, 42) ( 16, 2) ( 17, 20) ( 18, 12) ( 19, 5) ( 20, 28) ( 21, 17) ( 22, 1) ( 23, 29) ( 24, 32) ( 25, 41) ( 26, 13) ( 27, 47) ( 28, 43) ( 29, 19) ( 30, 33) ( 31, 23) ( 32, 39) ( 33, 8) ( 34, 26) ( 35, 38) ( 36, 12) ( 37, 43) ( 38, 16) ( 39, 11) ( 40, 25) ( 41, 42) ( 42, 4) ( 43, 21) ( 44, 24) ( 45, 37) ( 46, 4) ( 47, 36) ( 48, 26) ( 49, 26) 
Vertex 3: ( 0, 33) ( 1, 2) ( 2, 3) ( 4, 41) ( 5, 49) ( 6, 45) ( 7, 49) ( 8, 44) ( 9, 34) ( 10, 3) ( 11, 3) ( 12, 14) ( 13, 4) ( 14, 49) ( 15, 6) ( 16, 43) ( 17, 22) ( 18, 36) ( 19, 15) ( 20, 7) ( 21, 16) ( 22, 20) ( 23, 38) ( 24, 30) ( 25, 36) ( 26, 40) ( 27, 33) ( 28, 26) ( 29, 37) ( 30, 48) ( 31, 26) ( 32, 39) ( 33, 2) ( 34, 25) ( 35, 8) ( 36, 33) ( 37, 32) ( 38, 45) ( 39, 5) ( 40, 47) ( 41, 14) ( 42, 13) ( 43, 30) ( 44, 40) ( 45, 19) ( 46, 2) ( 47, 34) ( 48, 43) ( 49, 24) 
Vertex 4: ( 0, 43) ( 1, 28) ( 2, 49) ( 3, 41) ( 5, 2) ( 6, 24) ( 7, 9) ( 8, 29) ( 9, 23) ( 10, 25) ( 11, 23) ( 12, 20) ( 13, 26) ( 14, 4) ( 15, 13) ( 16, 39) ( 17, 30) ( 18, 28) ( 19, 41) ( 20, 37) ( 21, 31) ( 22, 6) ( 23, 47) ( 24, 26) ( 25, 32) ( 26, 7) ( 27, 26) ( 28, 42) ( 29, 16) ( 30, 13) ( 31, 27) ( 32, 36) ( 33, 44) ( 34, 5) ( 35, 20) ( 36, 41) ( 37, 9) ( 38, 3) ( 39, 31) ( 40, 38) ( 41, 50) ( 42, 1) ( 43, 31) ( 44, 1) ( 45, 17) ( 46, 11) ( 47, 25) ( 48, 31) ( 49, 19) 
Vertex 5: ( 0, 10) ( 1, 34) ( 2, 38) ( 3, 49) ( 4, 2) ( 6, 4) ( 7, 48) ( 8, 1) ( 9, 27) ( 10, 39) ( 11, 22) ( 12, 15) ( 13, 3) ( 14, 44) ( 15, 46) ( 16, 44) ( 17, 24) ( 18, 11) ( 19, 37) ( 20, 1) ( 21, 46) ( 22, 9) ( 23, 47) ( 24, 20) ( 25, 37) ( 26, 2) ( 27, 3) ( 28, 23) ( 29, 31) ( 30, 9) ( 31, 50) ( 32, 25) ( 33, 22) ( 34, 20) ( 35, 48) ( 36, 1) ( 37, 20) ( 38, 46) ( 39, 30) ( 40, 44) ( 41, 26) ( 42, 16) ( 43, 16) ( 44, 6) ( 45, 11) ( 46, 29) ( 47, 8) ( 48, 50) ( 49, 10) 
Vertex 6: ( 0, 3) ( 1, 32) ( 2, 32) ( 3, 45) ( 4, 24) ( 5, 4) ( 7, 1) ( 8, 20) ( 9, 30) ( 10, 49) ( 11, 42) ( 12, 8) ( 13, 14) ( 14, 27) ( 15, 28) ( 16, 20) ( 17, 2) ( 18, 41) ( 19, 33) ( 20, 30) ( 21, 23) ( 22, 5) ( 23, 45) ( 24, 24) ( 25, 24) ( 26, 48) ( 27, 4) ( 28, 39) ( 29, 19) ( 30, 42) ( 31, 29) ( 32, 32) ( 33, 28) ( 34, 1) ( 35, 38) ( 36, 42) ( 37, 25) ( 38, 15) ( 39, 43) ( 40, 20) ( 41, 26) ( 42, 4) ( 43, 42) ( 44, 36) ( 45, 7) ( 46, 7) ( 47, 4) ( 48, 50) ( 49, 27) 
Vertex 7: ( 0, 45) ( 1, 33) ( 2, 2) ( 3, 49) ( 4, 9) ( 5, 48) ( 6, 1) ( 8, 30) ( 9, 41) ( 10, 35) ( 11, 29) ( 12, 39) ( 13, 26) ( 14, 22) ( 15, 15) ( 16, 39) ( 17, 45) ( 18, 41) ( 19, 32) ( 20, 1) ( 21, 45) ( 22, 8) ( 23, 43) ( 24, 24) ( 25, 42) ( 26, 10) ( 27, 23) ( 28, 42) ( 29, 27) ( 30, 33) ( 31, 10) ( 32, 36) ( 33, 13) ( 34, 36) ( 35, 27) ( 36, 14) ( 37, 29) ( 38, 34) ( 39, 5) ( 40, 33) ( 41, 42) ( 42, 43) ( 43, 45) ( 44, 5) ( 45, 13) ( 46, 28) ( 47, 40) ( 48, 22) ( 49, 24) 
Vertex 8: ( 0, 25) ( 1, 45) ( 2, 36) ( 3, 44) ( 4, 29) ( 5, 1) ( 6, 20) ( 7, 30) ( 9, 38) ( 10, 25) ( 11, 18) ( 12, 11) ( 13, 48) ( 14, 1) ( 15, 6) ( 16, 22) ( 17, 43) ( 18, 47) ( 19, 49) ( 20, 15) ( 21, 22) ( 22, 44) ( 23, 8) ( 24, 5) ( 25, 3) ( 26, 47) ( 27, 25) ( 28, 27) ( 29, 3) ( 30, 30) ( 31, 49) ( 32, 23) ( 33, 50) ( 34, 48) ( 35, 7) ( 36, 21) ( 37, 11) ( 38, 17) ( 39, 45) ( 40, 14) ( 41, 10) ( 42, 25) ( 43, 17) ( 44, 50) ( 45, 18) ( 46, 39) ( 47, 12) ( 48, 40) ( 49, 32) 
Vertex 9: ( 0, 29) ( 1, 7) ( 2, 37) ( 3, 34) ( 4, 23) ( 5, 27) ( 6, 30) ( 7, 41) ( 8, 38) ( 10, 25) ( 11, 35) ( 12, 5) ( 13, 45) ( 14, 38) ( 15, 11) ( 16, 6) ( 17, 4) ( 18, 19) ( 19, 8) ( 20, 22) ( 21, 11) ( 22, 48) ( 23, 11) ( 24, 35) ( 25, 48) ( 26, 14) ( 27, 4) ( 28, 41) ( 29, 5) ( 30, 2) ( 31, 6) ( 32, 43) ( 33, 23) ( 34, 34) ( 35, 41) ( 36, 50) ( 37, 5) ( 38, 13) ( 39, 49) ( 40, 49) ( 41, 7) ( 42, 49) ( 43, 25) ( 44, 16) ( 45, 26) ( 46, 26) ( 47, 39) ( 48, 6) ( 49, 19) 
Vertex 10: ( 0, 6) ( 1, 16) ( 2, 7) ( 3, 3) ( 4, 25) ( 5, 39) ( 6, 49) ( 7, 35) ( 8, 25) ( 9, 25) ( 11, 37) ( 12, 35) ( 13, 31) ( 14, 21) ( 15, 23) ( 16, 16) ( 17, 2) ( 18, 15) ( 19, 37) ( 20, 48) ( 21, 26) ( 22, 29) ( 23, 35) ( 24, 17) ( 25, 23) ( 26, 7) ( 27, 49) ( 28, 30) ( 29, 23) ( 30, 5) ( 31, 49) ( 32, 48) ( 33, 33) ( 34, 9) ( 35, 36) ( 36, 30) ( 37, 1) ( 38, 9) ( 39, 39) ( 40, 29) ( 41, 36) ( 42, 43) ( 43, 42) ( 44, 11) ( 45, 15) ( 46, 39) ( 47, 27) ( 48, 46) ( 49, 50) 
Vertex 11: ( 0, 30) ( 1, 3) ( 2, 6) ( 3, 3) ( 4, 23) ( 5, 22) ( 6, 42) ( 7, 29) ( 8, 18) ( 9, 35) ( 10, 37) ( 12, 44) ( 13, 36) ( 14, 34) ( 15, 40) ( 16, 29) ( 17, 29) ( 18, 36) ( 19, 8) ( 20, 25) ( 21, 46) ( 22, 10) ( 23, 46) ( 24, 19) ( 25, 25) ( 26, 46) ( 27, 21) ( 28, 12) ( 29, 20) ( 30, 41) ( 31, 3) ( 32, 32) ( 33, 3) ( 34, 41) ( 35, 23) ( 36, 8) ( 37, 38) ( 38, 20) ( 39, 46) ( 40, 6) ( 41, 49) ( 42, 26) ( 43, 11) ( 44, 21) ( 45, 46) ( 46, 44) ( 47, 7) ( 48, 22) ( 49, 15) 
Vertex 12: ( 0, 19) ( 1, 26) ( 2, 1) ( 3, 14) ( 4, 20) ( 5, 15) ( 6, 8) ( 7, 39) ( 8, 11) ( 9, 5) ( 10, 35) ( 11, 44) ( 13, 44) ( 14, 13) ( 15, 19) ( 16, 47) ( 17, 17) ( 18, 4) ( 19, 45) ( 20, 24) ( 21, 22) ( 22, 34) ( 23, 40) ( 24, 7) ( 25, 18) ( 26, 44) ( 27, 3) ( 28, 6) ( 29, 45) ( 30, 4) ( 31, 20) ( 32, 18) ( 33, 45) ( 34, 25) ( 35, 26) ( 36, 44) ( 37, 22) ( 38, 14) ( 39, 8) ( 40, 23) ( 41, 19) ( 42, 34) ( 43, 2) ( 44, 43) ( 45, 46) ( 46, 48) ( 47, 35) ( 48, 45) ( 49, 9) 
Vertex 13: ( 0, 46) ( 1, 46) ( 2, 42) ( 3, 4) ( 4, 26) ( 5, 3) ( 6, 14) ( 7, 26) ( 8, 48) ( 9, 45) ( 10, 31) ( 11, 36) ( 12, 44) ( 14, 47) ( 15, 12) ( 16, 47) ( 17, 47) ( 18, 24) ( 19, 49) ( 20, 34) ( 21, 12) ( 22, 28) ( 23, 6) ( 24, 27) ( 25, 46) ( 26, 47) ( 27, 43) ( 28, 46) ( 29, 23) ( 30, 33) ( 31, 36) ( 32, 11) ( 33, 42) ( 34, 47) ( 35, 5) ( 36, 45) ( 37, 4) ( 38, 50) ( 39, 50) ( 40, 37) ( 41, 21) ( 42, 35) ( 43, 47) ( 44, 8) ( 45, 19) ( 46, 36) ( 47, 16) ( 48, 50) ( 49, 44) 
Vertex 14: ( 0, 1) ( 1, 20) ( 2, 17) ( 3, 49) ( 4, 4) ( 5, 44) ( 6, 27) ( 7, 22) ( 8, 1) ( 9, 38) ( 10, 21) ( 11, 34) ( 12, 13) ( 13, 47) ( 15, 20) ( 16, 27) ( 17, 48) ( 18, 17) ( 19, 16) ( 20, 50) ( 21, 45) ( 22, 31) ( 23, 10) ( 24, 33) ( 25, 36) ( 26, 48) ( 27, 8) ( 28, 43) ( 29, 14) ( 30, 11) ( 31, 46) ( 32, 20) ( 33, 4) ( 34, 25) ( 35, 18) ( 36, 26) ( 37, 19) ( 38, 23) ( 39, 8) ( 40, 15) ( 41, 31) ( 42, 20) ( 43, 22) ( 44, 1) ( 45, 9) ( 46, 32) ( 47, 29) ( 48, 44) ( 49, 13) 
Vertex 15: ( 0, 49) ( 1, 2) ( 2, 42) ( 3, 6) ( 4, 13) ( 5, 46) ( 6, 28) ( 7, 15) ( 8, 6) ( 9, 11) ( 10, 23) ( 11, 40) ( 12, 19) ( 13, 12) ( 14, 20) ( 16, 35) ( 17, 49) ( 18, 49) ( 19, 48) ( 20, 36) ( 21, 36) ( 22, 32) ( 23, 23) ( 24, 40) ( 25, 21) ( 26, 28) ( 27, 37) ( 28, 22) ( 29, 23) ( 30, 21) ( 31, 18) ( 32, 22) ( 33, 40) ( 34, 11) ( 35, 16) ( 36, 9) ( 37, 46) ( 38, 46) ( 39, 24) ( 40, 11) ( 41, 7) ( 42, 28) ( 43, 16) ( 44, 37) ( 45, 17) ( 46, 20) ( 47, 11) ( 48, 5) ( 49, 29) 
Vertex 16: ( 0, 47) ( 1, 44) ( 2, 2) ( 3, 43) ( 4, 39) ( 5, 44) ( 6, 20) ( 7, 39) ( 8, 22) ( 9, 6) ( 10, 16) ( 11, 29) ( 12, 47) ( 13, 47) ( 14, 27) ( 15, 35) ( 17, 8) ( 18, 4) ( 19, 43) ( 20, 38) ( 21, 46) ( 22, 31) ( 23, 25) ( 24, 1) ( 25, 28) ( 26, 33) ( 27, 17) ( 28, 21) ( 29, 12) ( 30, 4) ( 31, 4) ( 32, 50) ( 33, 9) ( 34, 41) ( 35, 32) ( 36, 21) ( 37, 43) ( 38, 21) ( 39, 46) ( 40, 36) ( 41, 20) ( 42, 4) ( 43, 38) ( 44, 34) ( 45, 39) ( 46, 14) ( 47, 10) ( 48, 37) ( 49, 26) 
Vertex 17: ( 0, 45) ( 1, 35) ( 2, 20) ( 3, 22) ( 4, 30) ( 5, 24) ( 6, 2) ( 7, 45) ( 8, 43) ( 9, 4) ( 10, 2) ( 11, 29) ( 12, 17) ( 13, 47) ( 14, 48) ( 15, 49) ( 16, 8) ( 18, 36) ( 19, 39) ( 20, 33) ( 21, 50) ( 22, 16) ( 23, 19) ( 24, 38) ( 25, 27) ( 26, 14) ( 27, 48) ( 28, 8) ( 29, 8) ( 30, 35) ( 31, 9) ( 32, 12) ( 33, 47) ( 34, 30) ( 35, 15) ( 36, 33) ( 37, 48) ( 38, 3) ( 39, 20) ( 40, 12) ( 41, 23) ( 42, 6) ( 43, 24) ( 44, 22) ( 45, 4) ( 46, 44) ( 47, 19) ( 48, 16) ( 49, 19) 
Vertex 18: ( 0, 9) ( 1, 25) ( 2, 12) ( 3, 36) ( 4, 28) ( 5, 11) ( 6, 41) ( 7, 41) ( 8, 47) ( 9, 19) ( 10, 15) ( 11, 36) ( 12, 4) ( 13, 24) ( 14, 17) ( 15, 49) ( 16, 4) ( 17, 36) ( 19, 22) ( 20, 4) ( 21, 39) ( 22, 44) ( 23, 41) ( 24, 13) ( 25, 5) ( 26, 8) ( 27, 4) ( 28, 8) ( 29, 30) ( 30, 29) ( 31, 1) ( 32, 42) ( 33, 26) ( 34, 18) ( 35, 35) ( 36, 41) ( 37, 12) ( 38, 14) ( 39, 14) ( 40, 36) ( 41, 3) ( 42, 24) ( 43, 10) ( 44, 26) ( 45, 30) ( 46, 11) ( 47, 26) ( 48, 49) ( 49, 34) 
Vertex 19: ( 0, 36) ( 1, 2) ( 2, 5) ( 3, 15) ( 4, 41) ( 5, 37) ( 6, 33) ( 7, 32) ( 8, 49) ( 9, 8) ( 10, 37) ( 11, 8) ( 12, 45) ( 13, 49) ( 14, 16) ( 15, 48) ( 16, 43) ( 17, 39) ( 18, 22) ( 20, 37) ( 21, 24) ( 22, 21) ( 23, 12) ( 24, 17) ( 25, 4) ( 26, 20) ( 27, 15) ( 28, 49) ( 29, 18) ( 30, 15) ( 31, 31) ( 32, 5) ( 33, 14) ( 34, 26) ( 35, 32) ( 36, 43) ( 37, 46) ( 38, 50) ( 39, 33) ( 40, 27) ( 41, 6) ( 42, 19) ( 43, 5) ( 44, 45) ( 45, 24) ( 46, 31) ( 47, 42) ( 48, 27) ( 49, 41) 
Vertex 20: ( 0, 29) ( 1, 16) ( 2, 28) ( 3, 7) ( 4, 37) ( 5, 1) ( 6, 30) ( 7, 1) ( 8, 15) ( 9, 22) ( 10, 48) ( 11, 25) ( 12, 24) ( 13, 34) ( 14, 50) ( 15, 36) ( 16, 38) ( 17, 33) ( 18, 4) ( 19, 37) ( 21, 18) ( 22, 6) ( 23, 24) ( 24, 42) ( 25, 1) ( 26, 14) ( 27, 22) ( 28, 21) ( 29, 16) ( 30, 42) ( 31, 33) ( 32, 7) ( 33, 40) ( 34, 46) ( 35, 34) ( 36, 3) ( 37, 42) ( 38, 6) ( 39, 41) ( 40, 5) ( 41, 3) ( 42, 49) ( 43, 23) ( 44, 45) ( 45, 38) ( 46, 25) ( 47, 28) ( 48, 40) ( 49, 32) 
Vertex 21: ( 0, 20) ( 1, 8) ( 2, 17) ( 3, 16) ( 4, 31) ( 5, 46) ( 6, 23) ( 7, 45) ( 8, 22) ( 9, 11) ( 10, 26) ( 11, 46) ( 12, 22) ( 13, 12) ( 14, 45) ( 15, 36) ( 16, 46) ( 17, 50) ( 18, 39) ( 19, 24) ( 20, 18) ( 22, 50) ( 23, 1) ( 24, 5) ( 25, 2) ( 26, 9) ( 27, 30) ( 28, 13) ( 29, 43) ( 30, 17) ( 31, 9) ( 32, 15) ( 33, 42) ( 34, 10) ( 35, 40) ( 36, 23) ( 37, 31) ( 38, 42) ( 39, 32) ( 40, 40) ( 41, 15) ( 42, 4) ( 43, 4) ( 44, 23) ( 45, 38) ( 46, 37) ( 47, 34) ( 48, 4) ( 49, 35) 
Vertex 22: ( 0, 43) ( 1, 44) ( 2, 1) ( 3, 20) ( 4, 6) ( 5, 9) ( 6, 5) ( 7, 8) ( 8, 44) ( 9, 48) ( 10, 29) ( 11, 10) ( 12, 34) ( 13, 28) ( 14, 31) ( 15, 32) ( 16, 31) ( 17, 16) ( 18, 44) ( 19, 21) ( 20, 6) ( 21, 50) ( 23, 46) ( 24, 23) ( 25, 24) ( 26, 14) ( 27, 41) ( 28, 43) ( 29, 20) ( 30, 38) ( 31, 31) ( 32, 32) ( 33, 24) ( 34, 6) ( 35, 27) ( 36, 14) ( 37, 7) ( 38, 4) ( 39, 50) ( 40, 31) ( 41, 25) ( 42, 46) ( 43, 9) ( 44, 25) ( 45, 7) ( 46, 6) ( 47, 46) ( 48, 1) ( 49, 37) 
Vertex 23: ( 0, 32) ( 1, 41) ( 2, 29) ( 3, 38) ( 4, 47) ( 5, 47) ( 6, 45) ( 7, 43) ( 8, 8) ( 9, 11) ( 10, 35) ( 11, 46) ( 12, 40) ( 13, 6) ( 14, 10) ( 15, 23) ( 16, 25) ( 17, 19) ( 18, 41) ( 19, 12) ( 20, 24) ( 21, 1) ( 22, 46) ( 24, 34) ( 25, 41) ( 26, 28) ( 27, 44) ( 28, 39) ( 29, 17) ( 30, 18) ( 31, 39) ( 32, 37) ( 33, 47) ( 34, 35) ( 35, 24) ( 36, 18) ( 37, 3) ( 38, 42) ( 39, 3) ( 40, 37) ( 41, 42) ( 42, 33) ( 43, 11) ( 44, 30) ( 45, 37) ( 46, 16) ( 47, 20) ( 48, 28) ( 49, 22) 
Vertex 24: ( 0, 47) ( 1, 50) ( 2, 32) ( 3, 30) ( 4, 26) ( 5, 20) ( 6, 24) ( 7, 24) ( 8, 5) ( 9, 35) ( 10, 17) ( 11, 19) ( 12, 7) ( 13, 27) ( 14, 33) ( 15, 40) ( 16, 1) ( 17, 38) ( 18, 13) ( 19, 17) ( 20, 42) ( 21, 5) ( 22, 23) ( 23, 34) ( 25, 11) ( 26, 15) ( 27, 20) ( 28, 45) ( 29, 32) ( 30, 45) ( 31, 9) ( 32, 13) ( 33, 5) ( 34, 25) ( 35, 8) ( 36, 27) ( 37, 13) ( 38, 6) ( 39, 32) ( 40, 13) ( 41, 2) ( 42, 44) ( 43, 39) ( 44, 3) ( 45, 34) ( 46, 12) ( 47, 43) ( 48, 16) ( 49, 34) 
Vertex 25: ( 0, 12) ( 1, 8) ( 2, 41) ( 3, 36) ( 4, 32) ( 5, 37) ( 6, 24) ( 7, 42) ( 8, 3) ( 9, 48) ( 10, 23) ( 11, 25) ( 12, 18) ( 13, 46) ( 14, 36) ( 15, 21) ( 16, 28) ( 17, 27) ( 18, 5) ( 19, 4) ( 20, 1) ( 21, 2) ( 22, 24) ( 23, 41) ( 24, 11) ( 26, 5) ( 27, 36) ( 28, 30) ( 29, 22) ( 30, 5) ( 31, 48) ( 32, 26) ( 33, 48) ( 34, 38) ( 35, 20) ( 36, 8) ( 37, 31) ( 38, 5) ( 39, 38) ( 40, 18) ( 41, 43) ( 42, 47) ( 43, 3) ( 44, 12) ( 45, 28) ( 46, 15) ( 47, 7) ( 48, 40) ( 49, 5) 
Vertex 26: ( 0, 4) ( 1, 48) ( 2, 13) ( 3, 40) ( 4, 7) ( 5, 2) ( 6, 48) ( 7, 10) ( 8, 47) ( 9, 14) ( 10, 7) ( 11, 46) ( 12, 44) ( 13, 47) ( 14, 48) ( 15, 28) ( 16, 33) ( 17, 14) ( 18, 8) ( 19, 20) ( 20, 14) ( 21, 9) ( 22, 14) ( 23, 28) ( 24, 15) ( 25, 5) ( 27, 23) ( 28, 10) ( 29, 38) ( 30, 2) ( 31, 15) ( 32, 34) ( 33, 23) ( 34, 46) ( 35, 6) ( 36, 29) ( 37, 10) ( 38, 7) ( 39, 14) ( 40, 34) ( 41, 19) ( 42, 13) ( 43, 25) ( 44, 38) ( 45, 40) ( 46, 34) ( 47, 40) ( 48, 20) ( 49, 17) 
Vertex 27: ( 0, 19) ( 1, 28) ( 2, 47) ( 3, 33) ( 4, 26) ( 5, 3) ( 6, 4) ( 7, 23) ( 8, 25) ( 9, 4) ( 10, 49) ( 11, 21) ( 12, 3) ( 13, 43) ( 14, 8) ( 15, 37) ( 16, 17) ( 17, 48) ( 18, 4) ( 19, 15) ( 20, 22) ( 21, 30) ( 22, 41) ( 23, 44) ( 24, 20) ( 25, 36) ( 26, 23) ( 28, 43) ( 29, 9) ( 30, 30) ( 31, 36) ( 32, 45) ( 33, 26) ( 34, 26) ( 35, 50) ( 36, 36) ( 37, 43) ( 38, 26) ( 39, 5) ( 40, 20) ( 41, 13) ( 42, 49) ( 43, 28) ( 44, 49) ( 45, 35) ( 46, 27) ( 47, 5) ( 48, 12) ( 49, 14) 
Vertex 28: ( 0, 14) ( 1, 35) ( 2, 43) ( 3, 26) ( 4, 42) ( 5, 23) ( 6, 39) ( 7, 42) ( 8, 27) ( 9, 41) ( 10, 30) ( 11, 12) ( 12, 6) ( 13, 46) ( 14, 43) ( 15, 22) ( 16, 21) ( 17, 8) ( 18, 8) ( 19, 49) ( 20, 21) ( 21, 13) ( 22, 43) ( 23, 39) ( 24, 45) ( 25, 30) ( 26, 10) ( 27, 43) ( 29, 16) ( 30, 36) ( 31, 48) ( 32, 24) ( 33, 19) ( 34, 3) ( 35, 21) ( 36, 46) ( 37, 46) ( 38, 12) ( 39, 13) ( 40, 3) ( 41, 32) ( 42, 42) ( 43, 31) ( 44, 50) ( 45, 24) ( 46, 16) ( 47, 38) ( 48, 40) ( 49, 26) 
Vertex 29: ( 0, 20) ( 1, 2) ( 2, 19) ( 3, 37) ( 4, 16) ( 5, 31) ( 6, 19) ( 7, 27) ( 8, 3) ( 9, 5) ( 10, 23) ( 11, 20) ( 12, 45) ( 13, 23) ( 14, 14) ( 15, 23) ( 16, 12) ( 17, 8) ( 18, 30) ( 19, 18) ( 20, 16) ( 21, 43) ( 22, 20) ( 23, 17) ( 24, 32) ( 25, 22) ( 26, 38) ( 27, 9) ( 28, 16) ( 30, 34) ( 31, 28) ( 32, 12) ( 33, 46) ( 34, 42) ( 35, 5) ( 36, 45) ( 37, 19) ( 38, 3) ( 39, 43) ( 40, 13) ( 41, 41) ( 42, 47) ( 43, 44) ( 44, 5) ( 45, 43) ( 46, 23) ( 47, 42) ( 48, 39) ( 49, 31) 
Vertex 30: ( 0, 44) ( 1, 16) ( 2, 33) ( 3, 48) ( 4, 13) ( 5, 9) ( 6, 42) ( 7, 33) ( 8, 30) ( 9, 2) ( 10, 5) ( 11, 41) ( 12, 4) ( 13, 33) ( 14, 11) ( 15, 21) ( 16, 4) ( 17, 35) ( 18, 29) ( 19, 15) ( 20, 42) ( 21, 17) ( 22, 38) ( 23, 18) ( 24, 45) ( 25, 5) ( 26, 2) ( 27, 30) ( 28, 36) ( 29, 34) ( 31, 4) ( 32, 1) ( 33, 49) ( 34, 28) ( 35, 49) ( 36, 12) ( 37, 3) ( 38, 50) ( 39, 15) ( 40, 33) ( 41, 18) ( 42, 22) ( 43, 16) ( 44, 32) ( 45, 20) ( 46, 47) ( 47, 50) ( 48, 8) ( 49, 17) 
Vertex 31: ( 0, 16) ( 1, 1) ( 2, 23) ( 3, 26) ( 4, 27) ( 5, 50) ( 6, 29) ( 7, 10) ( 8, 49) ( 9, 6) ( 10, 49) ( 11, 3) ( 12, 20) ( 13, 36) ( 14, 46) ( 15, 18) ( 16, 4) ( 17, 9) ( 18, 1) ( 19, 31) ( 20, 33) ( 21, 9) ( 22, 31) ( 23, 39) ( 24, 9) ( 25, 48) ( 26, 15) ( 27, 36) ( 28, 48) ( 29, 28) ( 30, 4) ( 32, 35) ( 33, 25) ( 34, 41) ( 35, 35) ( 36, 5) ( 37, 31) ( 38, 24) ( 39, 41) ( 40, 38) ( 41, 23) ( 42, 41) ( 43, 18) ( 44, 29) ( 45, 18) ( 46, 47) ( 47, 28) ( 48, 10) ( 49, 23) 
Vertex 32: ( 0, 5) ( 1, 47) ( 2, 39) ( 3, 39) ( 4, 36) ( 5, 25) ( 6, 32) ( 7, 36) ( 8, 23) ( 9, 43) ( 10, 48) ( 11, 32) ( 12, 18) ( 13, 11) ( 14, 20) ( 15, 22) ( 16, 50) ( 17, 12) ( 18, 42) ( 19, 5) ( 20, 7) ( 21, 15) ( 22, 32) ( 23, 37) ( 24, 13) ( 25, 26) ( 26, 34) ( 27, 45) ( 28, 24) ( 29, 12) ( 30, 1) ( 31, 35) ( 33, 23) ( 34, 3) ( 35, 5) ( 36, 44) ( 37, 43) ( 38, 16) ( 39, 17) ( 40, 18) ( 41, 36) ( 42, 32) ( 43, 5) ( 44, 36) ( 45, 16) ( 46, 9) ( 47, 46) ( 48, 32) ( 49, 24) 
Vertex 33: ( 0, 23) ( 1, 22) ( 2, 8) ( 3, 2) ( 4, 44) ( 5, 22) ( 6, 28) ( 7, 13) ( 8, 50) ( 9, 23) ( 10, 33) ( 11, 3) ( 12, 45) ( 13, 42) ( 14, 4) ( 15, 40) ( 16, 9) ( 17, 47) ( 18, 26) ( 19, 14) ( 20, 40) ( 21, 42) ( 22, 24) ( 23, 47) ( 24, 5) ( 25, 48) ( 26, 23) ( 27, 26) ( 28, 19) ( 29, 46) ( 30, 49) ( 31, 25) ( 32, 23) ( 34, 9) ( 35, 47) ( 36, 41) ( 37, 26) ( 38, 8) ( 39, 48) ( 40, 48) ( 41, 32) ( 42, 5) ( 43, 19) ( 44, 28) ( 45, 31) ( 46, 20) ( 47, 42) ( 48, 41) ( 49, 7) 
Vertex 34: ( 0, 1) ( 1, 5) ( 2, 26) ( 3, 25) ( 4, 5) ( 5, 20) ( 6, 1) ( 7, 36) ( 8, 48) ( 9, 34) ( 10, 9) ( 11, 41) ( 12, 25) ( 13, 47) ( 14, 25) ( 15, 11) ( 16, 41) ( 17, 30) ( 18, 18) ( 19, 26) ( 20, 46) ( 21, 10) ( 22, 6) ( 23, 35) ( 24, 25) ( 25, 38) ( 26, 46) ( 27, 26) ( 28, 3) ( 29, 42) ( 30, 28) ( 31, 41) ( 32, 3) ( 33, 9) ( 35, 23) ( 36, 32) ( 37, 35) ( 38, 22) ( 39, 48) ( 40, 17) ( 41, 50) ( 42, 28) ( 43, 43) ( 44, 41) ( 45, 28) ( 46, 23) ( 47, 5) ( 48, 31) ( 49, 14) 
Vertex 35: ( 0, 2) ( 1, 10) ( 2, 38) ( 3, 8) ( 4, 20) ( 5, 48) ( 6, 38) ( 7, 27) ( 8, 7) ( 9, 41) ( 10, 36) ( 11, 23) ( 12, 26) ( 13, 5) ( 14, 18) ( 15, 16) ( 16, 32) ( 17, 15) ( 18, 35) ( 19, 32) ( 20, 34) ( 21, 40) ( 22, 27) ( 23, 24) ( 24, 8) ( 25, 20) ( 26, 6) ( 27, 50) ( 28, 21) ( 29, 5) ( 30, 49) ( 31, 35) ( 32, 5) ( 33, 47) ( 34, 23) ( 36, 30) ( 37, 33) ( 38, 48) ( 39, 15) ( 40, 38) ( 41, 50) ( 42, 47) ( 43, 27) ( 44, 27) ( 45, 23) ( 46, 4) ( 47, 49) ( 48, 7) ( 49, 41) 
Vertex 36: ( 0, 12) ( 1, 27) ( 2, 12) ( 3, 33) ( 4, 41) ( 5, 1) ( 6, 42) ( 7, 14) ( 8, 21) ( 9, 50) ( 10, 30) ( 11, 8) ( 12, 44) ( 13, 45) ( 14, 26) ( 15, 9) ( 16, 21) ( 17, 33) ( 18, 41) ( 19, 43) ( 20, 3) ( 21, 23) ( 22, 14) ( 23, 18) ( 24, 27) ( 25, 8) ( 26, 29) ( 27, 36) ( 28, 46) ( 29, 45) ( 30, 12) ( 31, 5) ( 32, 44) ( 33, 41) ( 34, 32) ( 35, 30) ( 37, 35) ( 38, 24) ( 39, 42) ( 40, 37) ( 41, 31) ( 42, 42) ( 43, 10) ( 44, 42) ( 45, 43) ( 46, 40) ( 47, 45) ( 48, 7) ( 49, 25) 
Vertex 37: ( 0, 24) ( 1, 49) ( 2, 43) ( 3, 32) ( 4, 9) ( 5, 20) ( 6, 25) ( 7, 29) ( 8, 11) ( 9, 5) ( 10, 1) ( 11, 38) ( 12, 22) ( 13, 4) ( 14, 19) ( 15, 46) ( 16, 43) ( 17, 48) ( 18, 12) ( 19, 46) ( 20, 42) ( 21, 31) ( 22, 7) ( 23, 3) ( 24, 13) ( 25, 31) ( 26, 10) ( 27, 43) ( 28, 46) ( 29, 19) ( 30, 3) ( 31, 31) ( 32, 43) ( 33, 26) ( 34, 35) ( 35, 33) ( 36, 35) ( 38, 17) ( 39, 37) ( 40, 25) ( 41, 23) ( 42, 40) ( 43, 45) ( 44, 25) ( 45, 45) ( 46, 14) ( 47, 13) ( 48, 18) ( 49, 12) 
Vertex 38: ( 0, 22) ( 1, 11) ( 2, 16) ( 3, 45) ( 4, 3) ( 5, 46) ( 6, 15) ( 7, 34) ( 8, 17) ( 9, 13) ( 10, 9) ( 11, 20) ( 12, 14) ( 13, 50) ( 14, 23) ( 15, 46) ( 16, 21) ( 17, 3) ( 18, 14) ( 19, 50) ( 20, 6) ( 21, 42) ( 22, 4) ( 23, 42) ( 24, 6) ( 25, 5) ( 26, 7) ( 27, 26) ( 28, 12) ( 29, 3) ( 30, 50) ( 31, 24) ( 32, 16) ( 33, 8) ( 34, 22) ( 35, 48) ( 36, 24) ( 37, 17) ( 39, 14) ( 40, 37) ( 41, 18) ( 42, 43) ( 43, 10) ( 44, 19) ( 45, 28) ( 46, 33) ( 47, 36) ( 48, 40) ( 49, 6) 
Vertex 39: ( 0, 23) ( 1, 16) ( 2, 11) ( 3, 5) ( 4, 31) ( 5, 30) ( 6, 43) ( 7, 5) ( 8, 45) ( 9, 49) ( 10, 39) ( 11, 46) ( 12, 8) ( 13, 50) ( 14, 8) ( 15, 24) ( 16, 46) ( 17, 20) ( 18, 14) ( 19, 33) ( 20, 41) ( 21, 32) ( 22, 50) ( 23, 3) ( 24, 32) ( 25, 38) ( 26, 14) ( 27, 5) ( 28, 13) ( 29, 43) ( 30, 15) ( 31, 41) ( 32, 17) ( 33, 48) ( 34, 48) ( 35, 15) ( 36, 42) ( 37, 37) ( 38, 14) ( 40, 45) ( 41, 36) ( 42, 26) ( 43, 15) ( 44, 35) ( 45, 24) ( 46, 1) ( 47, 8) ( 48, 5) ( 49, 50) 
Vertex 40: ( 0, 27) ( 1, 17) ( 2, 25) ( 3, 47) ( 4, 38) ( 5, 44) ( 6, 20) ( 7, 33) ( 8, 14) ( 9, 49) ( 10, 29) ( 11, 6) ( 12, 23) ( 13, 37) ( 14, 15) ( 15, 11) ( 16, 36) ( 17, 12) ( 18, 36) ( 19, 27) ( 20, 5) ( 21, 40) ( 22, 31) ( 23, 37) ( 24, 13) ( 25, 18) ( 26, 34) ( 27, 20) ( 28, 3) ( 29, 13) ( 30, 33) ( 31, 38) ( 32, 18) ( 33, 48) ( 34, 17) ( 35, 38) ( 36, 37) ( 37, 25) ( 38, 37) ( 39, 45) ( 41, 12) ( 42, 38) ( 43, 17) ( 44, 23) ( 45, 3) ( 46, 22) ( 47, 35) ( 48, 13) ( 49, 36) 
Vertex 41: ( 0, 15) ( 1, 39) ( 2, 42) ( 3, 14) ( 4, 50) ( 5, 26) ( 6, 26) ( 7, 42) ( 8, 10) ( 9, 7) ( 10, 36) ( 11, 49) ( 12, 19) ( 13, 21) ( 14, 31) ( 15, 7) ( 16, 20) ( 17, 23) ( 18, 3) ( 19, 6) ( 20, 3) ( 21, 15) ( 22, 25) ( 23, 42) ( 24, 2) ( 25, 43) ( 26, 19) ( 27, 13) ( 28, 32) ( 29, 41) ( 30, 18) ( 31, 23) ( 32, 36) ( 33, 32) ( 34, 50) ( 35, 50) ( 36, 31) ( 37, 23) ( 38, 18) ( 39, 36) ( 40, 12) ( 42, 12) ( 43, 14) ( 44, 9) ( 45, 18) ( 46, 34) ( 47, 36) ( 48, 17) ( 49, 4) 
Vertex 42: ( 0, 33) ( 1, 41) ( 2, 4) ( 3, 13) ( 4, 1) ( 5, 16) ( 6, 4) ( 7, 43) ( 8, 25) ( 9, 49) ( 10, 43) ( 11, 26) ( 12, 34) ( 13, 35) ( 14, 20) ( 15, 28) ( 16, 4) ( 17, 6) ( 18, 24) ( 19, 19) ( 20, 49) ( 21, 4) ( 22, 46) ( 23, 33) ( 24, 44) ( 25, 47) ( 26, 13) ( 27, 49) ( 28, 42) ( 29, 47) ( 30, 22) ( 31, 41) ( 32, 32) ( 33, 5) ( 34, 28) ( 35, 47) ( 36, 42) ( 37, 40) ( 38, 43) ( 39, 26) ( 40, 38) ( 41, 12) ( 43, 38) ( 44, 25) ( 45, 24) ( 46, 8) ( 47, 28) ( 48, 37) ( 49, 30) 
Vertex 43: ( 0, 28) ( 1, 27) ( 2, 21) ( 3, 30) ( 4, 31) ( 5, 16) ( 6, 42) ( 7, 45) ( 8, 17) ( 9, 25) ( 10, 42) ( 11, 11) ( 12, 2) ( 13, 47) ( 14, 22) ( 15, 16) ( 16, 38) ( 17, 24) ( 18, 10) ( 19, 5) ( 20, 23) ( 21, 4) ( 22, 9) ( 23, 11) ( 24, 39) ( 25, 3) ( 26, 25) ( 27, 28) ( 28, 31) ( 29, 44) ( 30, 16) ( 31, 18) ( 32, 5) ( 33, 19) ( 34, 43) ( 35, 27) ( 36, 10) ( 37, 45) ( 38, 10) ( 39, 15) ( 40, 17) ( 41, 14) ( 42, 38) ( 44, 18) ( 45, 37) ( 46, 6) ( 47, 28) ( 48, 33) ( 49, 39) 
Vertex 44: ( 0, 23) ( 1, 8) ( 2, 24) ( 3, 40) ( 4, 1) ( 5, 6) ( 6, 36) ( 7, 5) ( 8, 50) ( 9, 16) ( 10, 11) ( 11, 21) ( 12, 43) ( 13, 8) ( 14, 1) ( 15, 37) ( 16, 34) ( 17, 22) ( 18, 26) ( 19, 45) ( 20, 45) ( 21, 23) ( 22, 25) ( 23, 30) ( 24, 3) ( 25, 12) ( 26, 38) ( 27, 49) ( 28, 50) ( 29, 5) ( 30, 32) ( 31, 29) ( 32, 36) ( 33, 28) ( 34, 41) ( 35, 27) ( 36, 42) ( 37, 25) ( 38, 19) ( 39, 35) ( 40, 23) ( 41, 9) ( 42, 25) ( 43, 18) ( 45, 34) ( 46, 10) ( 47, 6) ( 48, 37) ( 49, 12) 
Vertex 45: ( 0, 36) ( 1, 25) ( 2, 37) ( 3, 19) ( 4, 17) ( 5, 11) ( 6, 7) ( 7, 13) ( 8, 18) ( 9, 26) ( 10, 15) ( 11, 46) ( 12, 46) ( 13, 19) ( 14, 9) ( 15, 17) ( 16, 39) ( 17, 4) ( 18, 30) ( 19, 24) ( 20, 38) ( 21, 38) ( 22, 7) ( 23, 37) ( 24, 34) ( 25, 28) ( 26, 40) ( 27, 35) ( 28, 24) ( 29, 43) ( 30, 20) ( 31, 18) ( 32, 16) ( 33, 31) ( 34, 28) ( 35, 23) ( 36, 43) ( 37, 45) ( 38, 28) ( 39, 24) ( 40, 3) ( 41, 18) ( 42, 24) ( 43, 37) ( 44, 34) ( 46, 23) ( 47, 23) ( 48, 34) ( 49, 49) 
Vertex 46: ( 0, 36) ( 1, 1) ( 2, 4) ( 3, 2) ( 4, 11) ( 5, 29) ( 6, 7) ( 7, 28) ( 8, 39) ( 9, 26) ( 10, 39) ( 11, 44) ( 12, 48) ( 13, 36) ( 14, 32) ( 15, 20) ( 16, 14) ( 17, 44) ( 18, 11) ( 19, 31) ( 20, 25) ( 21, 37) ( 22, 6) ( 23, 16) ( 24, 12) ( 25, 15) ( 26, 34) ( 27, 27) ( 28, 16) ( 29, 23) ( 30, 47) ( 31, 47) ( 32, 9) ( 33, 20) ( 34, 23) ( 35, 4) ( 36, 40) ( 37, 14) ( 38, 33) ( 39, 1) ( 40, 22) ( 41, 34) ( 42, 8) ( 43, 6) ( 44, 10) ( 45, 23) ( 47, 14) ( 48, 9) ( 49, 4) 
Vertex 47: ( 0, 24) ( 1, 40) ( 2, 36) ( 3, 34) ( 4, 25) ( 5, 8) ( 6, 4) ( 7, 40) ( 8, 12) ( 9, 39) ( 10, 27) ( 11, 7) ( 12, 35) ( 13, 16) ( 14, 29) ( 15, 11) ( 16, 10) ( 17, 19) ( 18, 26) ( 19, 42) ( 20, 28) ( 21, 34) ( 22, 46) ( 23, 20) ( 24, 43) ( 25, 7) ( 26, 40) ( 27, 5) ( 28, 38) ( 29, 42) ( 30, 50) ( 31, 28) ( 32, 46) ( 33, 42) ( 34, 5) ( 35, 49) ( 36, 45) ( 37, 13) ( 38, 36) ( 39, 8) ( 40, 35) ( 41, 36) ( 42, 28) ( 43, 28) ( 44, 6) ( 45, 23) ( 46, 14) ( 48, 46) ( 49, 24) 
Vertex 48: ( 0, 7) ( 1, 29) ( 2, 26) ( 3, 43) ( 4, 31) ( 5, 50) ( 6, 50) ( 7, 22) ( 8, 40) ( 9, 6) ( 10, 46) ( 11, 22) ( 12, 45) ( 13, 50) ( 14, 44) ( 15, 5) ( 16, 37) ( 17, 16) ( 18, 49) ( 19, 27) ( 20, 40) ( 21, 4) ( 22, 1) ( 23, 28) ( 24, 16) ( 25, 40) ( 26, 20) ( 27, 12) ( 28, 40) ( 29, 39) ( 30, 8) ( 31, 10) ( 32, 32) ( 33, 41) ( 34, 31) ( 35, 7) ( 36, 7) ( 37, 18) ( 38, 40) ( 39, 5) ( 40, 13) ( 41, 17) ( 42, 37) ( 43, 33) ( 44, 37) ( 45, 34) ( 46, 9) ( 47, 46) ( 49, 32) 
Vertex 49: ( 0, 9) ( 1, 30) ( 2, 26) ( 3, 24) ( 4, 19) ( 5, 10) ( 6, 27) ( 7, 24) ( 8, 32) ( 9, 19) ( 10, 50) ( 11, 15) ( 12, 9) ( 13, 44) ( 14, 13) ( 15, 29) ( 16, 26) ( 17, 19) ( 18, 34) ( 19, 41) ( 20, 32) ( 21, 35) ( 22, 37) ( 23, 22) ( 24, 34) ( 25, 5) ( 26, 17) ( 27, 14) ( 28, 26) ( 29, 31) ( 30, 17) ( 31, 23) ( 32, 24) ( 33, 7) ( 34, 14) ( 35, 41) ( 36, 25) ( 37, 12) ( 38, 6) ( 39, 50) ( 40, 36) ( 41, 4) ( 42, 30) ( 43, 39) ( 44, 12) ( 45, 49) ( 46, 4) ( 47, 24) ( 48, 32) 
Fitness: 1389


Best tree vertices (mutation):
Vertex 0: ( 20, 3) ( 8, 5) 
Vertex 1: ( 12, 2) 
Vertex 2: ( 10, 2) ( 41, 3) 
Vertex 3: ( 36, 7) 
Vertex 4: ( 41, 3) 
Vertex 5: ( 10, 12) 
Vertex 6: ( 13, 2) ( 27, 10) 
Vertex 7: ( 19, 6) ( 29, 2) ( 41, 2) ( 22, 2) 
Vertex 8: ( 0, 5) ( 17, 3) 
Vertex 9: ( 13, 4) 
Vertex 10: ( 2, 2) ( 5, 12) ( 40, 1) ( 14, 1) 
Vertex 11: ( 39, 1) ( 34, 17) 
Vertex 12: ( 1, 2) ( 43, 2) 
Vertex 13: ( 6, 2) ( 9, 4) ( 17, 9) 
Vertex 14: ( 10, 1) ( 24, 3) 
Vertex 15: ( 47, 1) ( 33, 8) ( 46, 1) ( 26, 5) 
Vertex 16: ( 19, 4) ( 45, 1) 
Vertex 17: ( 8, 3) ( 13, 9) ( 29, 4) ( 42, 1) 
Vertex 18: ( 28, 9) ( 19, 1) 
Vertex 19: ( 7, 6) ( 16, 4) ( 18, 1) 
Vertex 20: ( 0, 3) ( 36, 10) ( 31, 6) 
Vertex 21: ( 41, 2) 
Vertex 22: ( 7, 2) 
Vertex 23: ( 31, 4) ( 38, 3) 
Vertex 24: ( 14, 3) ( 32, 1) 
Vertex 25: ( 36, 8) ( 49, 3) 
Vertex 26: ( 15, 5) 
Vertex 27: ( 6, 10) 
Vertex 28: ( 18, 9) ( 44, 2) 
Vertex 29: ( 7, 2) ( 17, 4) 
Vertex 30: ( 42, 4) 
Vertex 31: ( 20, 6) ( 23, 4) 
Vertex 32: ( 24, 1) 
Vertex 33: ( 15, 8) ( 39, 9) 
Vertex 34: ( 11, 17) 
Vertex 35: ( 48, 1) ( 42, 1) 
Vertex 36: ( 3, 7) ( 20, 10) ( 25, 8) 
Vertex 37: ( 46, 1) 
Vertex 38: ( 23, 3) 
Vertex 39: ( 11, 1) ( 33, 9) ( 40, 1) 
Vertex 40: ( 10, 1) ( 39, 1) 
Vertex 41: ( 2, 3) ( 4, 3) ( 7, 2) ( 21, 2) 
Vertex 42: ( 17, 1) ( 30, 4) ( 35, 1) 
Vertex 43: ( 12, 2) ( 48, 10) 
Vertex 44: ( 28, 2) 
Vertex 45: ( 16, 1) 
Vertex 46: ( 15, 1) ( 37, 1) 
Vertex 47: ( 15, 1) 
Vertex 48: ( 35, 1) ( 43, 10) 
Vertex 49: ( 25, 3) 
Fitness: 203


Best tree prufer string (0 crossover):
String: 6 15 45 31 6 25 21 27 23 25 17 32 9 45 43 21 10 40 10 38 43 32 35 21 41 37 5 28 27 4 49 45 49 36 37 40 11 44 39 18 27 26 17 29 28 33 38 6
Fitness: 838


Best tree prufer string (1 crossover):
String: 36 42 17 38 3 30 30 30 40 26 39 9 35 2 40 1 2 3 35 34 14 44 45 46 44 34 28 18 32 1 32 11 6 43 9 46 46 7 41 20 9 27 47 23 46 22 7 20
Fitness: 913


Best tree prufer string (2 crossover):
String: 0 36 6 13 42 21 2 14 42 7 45 19 43 9 27 27 14 19 35 20 27 8 17 3 38 8 17 12 45 2 44 36 38 4 26 39 3 20 31 33 36 45 45 1 39 48 15 23
Fitness: 909


Best tree prufer string (3 crossover):
String: 14 15 7 8 20 37 3 41 42 25 23 48 39 30 6 17 9 48 14 44 28 29 25 4 25 19 46 45 8 29 4 44 17 45 32 19 11 3 49 44 24 31 11 3 31 18 28 12
Fitness: 262


Best tree vertices (greedy):
Vertex 0: ( 14, 1) ( 34, 1) ( 35, 2) 
Vertex 1: ( 46, 1) ( 31, 1) ( 19, 2) ( 15, 2) ( 29, 2) 
Vertex 2: ( 7, 2) ( 22, 1) ( 12, 1) ( 16, 2) 
Vertex 3: ( 10, 3) ( 46, 2) ( 33, 2) ( 11, 3) 
Vertex 4: ( 44, 1) ( 42, 1) 
Vertex 5: ( 8, 1) ( 36, 1) ( 20, 1) ( 26, 2) ( 13, 3) 
Vertex 6: ( 34, 1) ( 7, 1) ( 17, 2) ( 47, 4) 
Vertex 7: ( 2, 2) ( 6, 1) 
Vertex 8: ( 5, 1) ( 14, 1) 
Vertex 9: ( 30, 2) 
Vertex 10: ( 3, 3) ( 17, 2) ( 37, 1) 
Vertex 11: ( 3, 3) 
Vertex 12: ( 2, 1) ( 43, 2) ( 27, 3) 
Vertex 13: ( 5, 3) 
Vertex 14: ( 0, 1) ( 8, 1) ( 44, 1) 
Vertex 15: ( 1, 2) 
Vertex 16: ( 2, 2) ( 24, 1) 
Vertex 17: ( 6, 2) ( 10, 2) 
Vertex 18: ( 31, 1) 
Vertex 19: ( 1, 2) 
Vertex 20: ( 5, 1) ( 25, 1) 
Vertex 21: ( 25, 2) ( 23, 1) 
Vertex 22: ( 2, 1) ( 48, 1) 
Vertex 23: ( 21, 1) 
Vertex 24: ( 16, 1) ( 41, 2) 
Vertex 25: ( 20, 1) ( 21, 2) 
Vertex 26: ( 5, 2) ( 30, 2) 
Vertex 27: ( 12, 3) 
Vertex 28: ( 34, 3) ( 40, 3) 
Vertex 29: ( 1, 2) ( 38, 3) 
Vertex 30: ( 9, 2) ( 26, 2) ( 32, 1) 
Vertex 31: ( 1, 1) ( 18, 1) 
Vertex 32: ( 30, 1) 
Vertex 33: ( 3, 2) 
Vertex 34: ( 0, 1) ( 6, 1) ( 28, 3) 
Vertex 35: ( 0, 2) 
Vertex 36: ( 5, 1) 
Vertex 37: ( 10, 1) 
Vertex 38: ( 29, 3) 
Vertex 39: ( 46, 1) 
Vertex 40: ( 28, 3) ( 45, 3) 
Vertex 41: ( 24, 2) ( 49, 4) 
Vertex 42: ( 4, 1) 
Vertex 43: ( 12, 2) 
Vertex 44: ( 4, 1) ( 14, 1) 
Vertex 45: ( 40, 3) 
Vertex 46: ( 1, 1) ( 3, 2) ( 39, 1) 
Vertex 47: ( 6, 4) 
Vertex 48: ( 22, 1) 
Vertex 49: ( 41, 4) 
Fitness: 87

